4294967294,0
4294967278,26
4294967278,25
4294967278,24
4294967278,23
4294967278,22
4294967278,21
4294967278,20
4294967278,19
4294967278,18
4294967278,17
4294967278,16
4294967278,15
4294967278,14
4294967278,13
4294967278,12
4294967278,11
4294967278,10
4294967278,9
4294967278,8
4294967278,7
4294967278,6
4294967278,5
4294967278,4
4294967279,132
4294967279,131
4294967279,130
4294967279,129
4294967279,128
4294967279,127
4294967279,126
4294967279,125
4294967279,124
4294967279,123
4294967279,122
4294967279,121
4294967279,120
4294967294,5
4294967279,169
4294967294,189
4294967294,384
4294967294,190
4294967294,93
4294967294,95
4294967279,168
4294967294,104
4294967294,175
4294967294,176
4294967294,43
4294967294,417
4294967294,92
4294967294,88
4294967278,132
4294967278,131
4294967278,130
4294967278,129
4294967278,128
4294967278,127
4294967278,126
4294967278,125
4294967278,124
4294967278,123
4294967278,122
4294967278,260
4294967278,0
4294967278,174
4294967278,250
4294967278,121
4294967278,248
4294967278,120
4294967278,246
4294967278,119
4294967278,118
4294967278,117
4294967278,116
4294967278,115
4294967278,114
4294967278,113
4294967278,112
4294967278,111
4294967279,119
4294967279,118
4294967279,117
4294967279,116
4294967279,115
4294967279,114
4294967279,113
4294967279,234
4294967279,112
4294967279,232
4294967279,111
4294967279,110
4294967279,228
4294967279,109
4294967279,108
4294967279,107
4294967279,106
4294967279,105
4294967279,104
4294967279,216
4294967279,103
4294967279,214
4294967279,102
4294967279,101
4294967279,100
4294967279,99
4294967279,98
4294967279,97
4294967279,96
4294967279,95
4294967279,94
4294967279,93
4294967279,92
4294967279,91
4294967279,90
4294967279,89
4294967279,87
4294967279,86
4294967279,85
4294967279,84
4294967279,83
4294967279,82
4294967279,81
4294967279,80
4294967279,79
4294967279,78
4294967279,77
4294967279,76
4294967279,75
4294967279,74
4294967279,73
4294967279,72
4294967279,71
4294967279,70
4294967279,69
4294967279,68
4294967279,67
4294967279,66
4294967279,65
4294967279,64
4294967279,63
4294967279,62
4294967279,61
4294967279,60
4294967279,59
4294967279,58
4294967279,57
4294967279,56
4294967279,55
4294967279,54
4294967279,53
4294967279,52
4294967279,51
4294967279,50
4294967279,49
4294967279,48
4294967279,47
4294967279,46
4294967279,45
4294967279,44
4294967279,43
4294967279,42
4294967279,41
4294967279,40
4294967279,39
4294967279,38
4294967279,37
4294967279,36
4294967279,35
4294967279,34
4294967279,33
4294967279,32
4294967279,31
4294967279,30
4294967279,29
4294967279,28
4294967279,27
4294967279,137
4294967279,26
4294967279,25
4294967279,24
4294967279,0
4294967279,260
4294967279,23
4294967279,22
4294967279,21
4294967279,279
4294967279,20
4294967279,19
4294967279,270
4294967279,18
4294967279,17
4294967279,16
4294967279,15
4294967279,14
4294967279,276
4294967279,13
4294967279,12
4294967279,261
4294967279,11
4294967279,275
4294967279,10
4294967279,9
4294967279,8
4294967279,7
4294967279,6
4294967279,5
4294967279,4
4294967294,12
4294967294,22
4294967294,17
4294967294,42
4294967294,76
4294967294,36
4294967294,127
4294967294,14
4294967294,20
4294967294,13
4294967279,165
4294967279,164
4294967279,163
4294967279,162
4294967279,161
4294967279,159
4294967279,158
4294967294,7
4294967294,6
0,5
4294967279,155
4294967294,67
4294967294,50
4294967294,51
4294967294,52
4294967294,184
4294967294,180
4294967294,182
4294967294,39
4294967294,166
4294967294,24
4294967294,25
4294967294,106
4294967294,183
4294967294,26
4294967294,27
4294967294,81
4294967294,68
4294967294,11
4294967278,544
4294967294,1432
4294967278,543
4294967279,339
4294967294,1434
4294967279,338
4294967278,542
4294967279,337
53,6
53,5
53,4
53,3
53,2
53,1
4294967279,336
4294967279,335
4294967279,334
4294967278,541
52,5
52,4
52,3
52,2
52,1
4294967279,333
4294967279,332
4294967278,540
4294967278,539
4294967279,331
4294967278,538
4294967294,482
51,5
51,4
51,3
51,2
51,1
4294967279,330
4294967278,537
4294967278,536
4294967278,535
4294967279,329
4294967278,534
4294967279,328
4294967294,1418
4294967294,413
4294967294,1433
4294967294,1429
4294967294,481
4294967279,327
48,4
48,3
48,2
48,1
4294967278,533
4294967294,1416
4294967294,1431
4294967294,1425
4294967294,1430
4294967278,532
35,6
4294967279,326
35,5
4294967278,531
4294967279,325
4294967278,530
4294967279,324
34,6
34,5
4294967279,323
4294967279,322
4294967278,529
4294967279,321
46,4
46,3
46,2
46,1
4294967279,320
4294967278,528
4294967279,254
4294967279,319
4294967278,527
4294967279,318
32,7
32,6
32,5
4294967279,317
4294967278,526
4294967278,525
4294967279,316
4294967294,480
4294967279,315
4294967278,524
4294967279,314
44,4
44,3
44,2
44,1
4294967279,313
4294967278,523
4294967278,522
4294967278,521
43,4
43,3
43,2
43,1
4294967278,520
4294967279,312
4294967278,519
27,5
4294967279,311
4294967279,310
4294967278,518
4294967279,309
